col0,col1,col2,col3
Café Mort Subite,protected heritage site in Brussels,1902-01-01,Pentagon
